4	27	108
0	0	2.00084	0.000394383
1	0	4.00078	0.00079844
2	0	6.00091	0.000197551
3	0	8.00034	0.00076823
0	1	1.33361	0.00055397
1	1	2.66714	0.000628871
2	1	4.00036	0.000513401
3	1	5.33429	0.000916195
0	2	1.00064	0.000717297
1	2	2.00014	0.000606969
2	2	3.00002	0.000242887
3	2	4.00014	0.000804177
0	3	2.00016	-0.499599
1	3	4.00013	-0.499891
2	3	6.001	-0.499782
3	3	8.00051	-0.499161
0	4	1.33395	-0.333037
1	4	2.6673	-0.332809
2	4	4.00049	-0.332361
3	4	5.33363	-0.332562
0	5	1.00053	-0.24923
1	5	2.0004	-0.249108
2	5	3.00028	-0.249648
3	5	4.00081	-0.249081
0	6	2.00007	-0.999051
1	6	4.00053	-0.999914
2	6	6.00019	-0.999337
3	6	8.00089	-0.999651
0	7	1.3334	-0.666647
1	7	2.66712	-0.666604
2	7	4.00024	-0.665696
3	7	5.33424	-0.665816
0	8	1.00027	-0.49946
1	8	2.00038	-0.49924
2	8	3.00051	-0.499332
3	8	4.00053	-0.499961
0	9	1.50044	0.000931835
1	9	3.50093	0.000720952
2	9	5.50028	0.000738534
3	9	7.50064	0.000354049
0	10	1.00069	0.000165974
1	10	2.33377	0.000880075
2	10	3.6675	0.000330337
3	10	5.00023	0.000893372
0	11	0.75035	0.00068667
1	11	1.75096	0.00058864
2	11	2.75066	0.000858676
3	11	3.75044	0.00092397
0	12	1.5004	-0.499185
1	12	3.50068	-0.499089
2	12	5.50048	-0.499784
3	12	7.50095	-0.49908
0	13	1.00015	-0.332452
1	13	2.33397	-0.332901
2	13	3.66729	-0.333052
3	13	5.00079	-0.333026
0	14	0.750447	-0.249774
1	14	1.75019	-0.249724
2	14	2.75056	-0.249583
3	14	3.75017	-0.249093
0	15	1.5001	-0.999874
1	15	3.5005	-0.99924
2	15	5.50098	-0.999065
3	15	7.50068	-0.999617
0	16	1.00075	-0.666298
1	16	2.33363	-0.666434
2	16	3.66725	-0.666422
3	16	5.00015	-0.665935
0	17	0.750125	-0.499207
1	17	1.75016	-0.499255
2	17	2.75007	-0.49905
3	17	3.75005	-0.499478
0	18	1.00018	0.000240062
1	18	3.0008	0.000732654
2	18	5.00066	0.000967405
3	18	7.00064	0.000759735
0	19	0.66676	0.000134902
1	19	2.00052	7.82321e-05
2	19	3.3334	0.000204655
3	19	4.66713	0.000819677
0	20	0.500573	0.000755581
1	20	1.50005	0.000157807
2	20	2.501	0.000204329
3	20	3.50089	0.000125468
0	21	1.001	-0.499946
1	21	3.00087	-0.499928
2	21	5	-0.499077
3	21	7.00059	-0.49982
0	22	0.66683	-0.332942
1	22	2.00091	-0.332514
2	22	3.33369	-0.332781
3	22	4.66725	-0.332881
0	23	0.500687	-0.2499
1	23	1.50053	-0.249243
2	23	2.5003	-0.249008
3	23	3.50058	-0.249122
0	24	1.00075	-0.999371
1	24	3.00004	-0.999252
2	24	5.00083	-0.999075
3	24	7.00087	-0.999169
0	25	0.667646	-0.665923
1	25	2.0009	-0.665683
2	25	3.334	-0.666169
3	25	4.66683	-0.665837
0	26	0.500889	-0.499923
1	26	1.50065	-0.499752
2	26	2.50063	-0.499771
3	26	3.5007	-0.499683
0.00328777
0.00231428
0.00074161
-3.99367
0.00651132
0.00223656
1.00511
0
0
0.00546107
0.00719269
0.00113281
-7.99529
0.00944318
0.0059254
1.00451
0
0
0.00434513
3.23146e-05
0.00344943
-11.994
0.00233892
0.00833243
1.00675
0
0
0.00304956
0.00712087
0.00182556
-15.9938
0.00413984
0.000408643
1.00696
0
0
0.173558
0.0923112
2.30455
0.313579
0.365365
3.16419
0.370219
0.101106
4.46046
0.342378
1.32657
2.12863
0.26622
1.04382
3.13025
0.438692
1.34306
4.04687
0.0556378
2.1808
2.28835
0.296606
2.33328
3.14439
0.387884
2.14419
4.16482
1.09488
0.492182
2.00179
1.4137
0.16574
3.0941
1.21825
0.479318
4.45947
1.38244
1.34954
2.06057
1.34289
1.19192
3.38714
1.47153
1.45814
4.43096
1.10177
2.39683
2.27402
1.14864
2.45247
3.45482
1.43699
2.24907
4.2881
2.08138
0.136956
2.43229
2.2462
0.231831
3.42447
2.24799
0.145527
4.09021
2.34209
1.36378
2.06953
2.30155
1.24621
3.41907
2.36213
1.0891
4.11098
2.24926
2.06063
2.06912
2.18022
2.1624
3.46595
2.45424
2.31105
4.41841
